[Passport Back.jpg]
filters=tilt=1,-0.209517,0.000000;
moddate=6b242af48e8ad301
width=2249
height=1601
textactive=0
